0	0.000000
0.020000	0.044000
0.040000	0.087996
0.060000	0.131986
0.080000	0.175965
0.100000	0.219930
0.120000	0.263877
0.140000	0.307803
0.160000	0.351704
0.180000	0.395578
0.200000	0.439419
0.220000	0.483226
0.240000	0.526994
0.260000	0.570720
0.280000	0.614400
0.300000	0.658031
0.320000	0.701609
0.340000	0.745131
0.360000	0.788593
0.380000	0.831993
0.400000	0.875326
0.420000	0.918589
0.440000	0.961778
0.460000	1.004890
0.480000	1.047923
0.500000	1.090871
0.520000	1.133732
0.540000	1.176502
0.560000	1.219178
0.580000	1.261757
0.600000	1.304234
0.620000	1.346608
0.640000	1.388873
0.660000	1.431028
0.680000	1.473068
0.700000	1.514990
0.720000	1.556791
0.740000	1.598467
0.760000	1.640016
0.780000	1.681433
0.800000	1.722716
0.820000	1.763861
0.840000	1.804864
0.860000	1.845724
0.880000	1.886436
0.900000	1.926997
0.920000	1.967403
0.940000	2.007653
0.960000	2.047742
0.980000	2.087666
1.000000	2.127424
1.020000	2.167012
1.040000	2.206426
1.060000	2.245664
1.080000	2.284723
1.100000	2.323598
1.120000	2.362287
1.140000	2.400788
1.160000	2.439096
1.180000	2.477210
1.200000	2.515125
1.220000	2.552839
1.240000	2.590349
1.260000	2.627651
1.280000	2.664744
1.300000	2.701623
1.320000	2.738286
1.340000	2.774730
1.360000	2.810952
1.380000	2.846949
1.400000	2.882718
1.420000	2.918257
1.440000	2.953562
1.460000	2.988631
1.480000	3.023461
1.500000	3.058049
1.520000	3.092392
1.540000	3.126488
1.560000	3.160334
1.580000	3.193927
1.600000	3.227264
1.620000	3.260344
1.640000	3.293162
1.660000	3.325717
1.680000	3.358006
1.700000	3.390026
1.720000	3.421776
1.740000	3.453251
1.760000	3.484450
1.780000	3.515370
1.800000	3.546010
1.820000	3.576365
1.840000	3.606434
1.860000	3.636215
1.880000	3.665705
1.900000	3.694902
1.920000	3.723803
1.940000	3.752406
1.960000	3.780709
1.980000	3.808710
2.000000	3.836405
2.020000	3.863794
2.040000	3.890874
2.060000	3.917643
2.080000	3.944098
2.100000	3.970238
2.120000	3.996060
2.140000	4.021562
2.160000	4.046742
2.180000	4.071599
2.200000	4.096130
2.220000	4.120334
2.240000	4.144208
2.260000	4.167750
2.280000	4.190959
2.300000	4.213832
2.320000	4.236369
2.340000	4.258566
2.360000	4.280423
2.380000	4.301938
2.400000	4.323108
2.420000	4.343932
2.440000	4.364409
2.460000	4.384537
2.480000	4.404314
2.500000	4.423739
2.520000	4.442809
2.540000	4.461525
2.560000	4.479883
2.580000	4.497883
2.600000	4.515523
2.620000	4.532802
2.640000	4.549719
2.660000	4.566271
2.680000	4.582458
2.700000	4.598279
2.720000	4.613731
2.740000	4.628815
2.760000	4.643528
2.780000	4.657869
2.800000	4.671839
2.820000	4.685434
2.840000	4.698654
2.860000	4.711499
2.880000	4.723967
2.900000	4.736056
2.920000	4.747767
2.940000	4.759098
2.960000	4.770049
2.980000	4.780617
3.000000	4.790804
3.020000	4.800607
3.040000	4.810026
3.060000	4.819060
3.080000	4.827708
3.100000	4.835971
3.120000	4.843846
3.140000	4.851334
3.160000	4.858434
3.180000	4.865145
3.200000	4.871468
3.220000	4.877400
3.240000	4.882942
3.260000	4.888093
3.280000	4.892854
3.300000	4.897223
3.320000	4.901200
3.340000	4.904785
3.360000	4.907978
3.380000	4.910778
3.400000	4.913185
3.420000	4.915200
3.440000	4.916821
3.460000	4.918048
3.480000	4.918882
3.500000	4.919323
3.520000	4.919370
3.540000	4.919024
3.560000	4.918284
3.580000	4.917151
3.600000	4.915624
3.620000	4.913704
3.640000	4.911391
3.660000	4.908685
3.680000	4.905586
3.700000	4.902095
3.720000	4.898211
3.740000	4.893936
3.760000	4.889270
3.780000	4.884212
3.800000	4.878763
3.820000	4.872924
3.840000	4.866696
3.860000	4.860077
3.880000	4.853071
3.900000	4.845675
3.920000	4.837893
3.940000	4.829723
3.960000	4.821167
3.980000	4.812225
4.000000	4.802898
4.020000	4.793187
4.040000	4.783092
4.060000	4.772615
4.080000	4.761756
4.100000	4.750516
4.120000	4.738896
4.140000	4.726897
4.160000	4.714520
4.180000	4.701766
4.200000	4.688635
4.220000	4.675130
4.240000	4.661250
4.260000	4.646997
4.280000	4.632373
4.300000	4.617378
4.320000	4.602014
4.340000	4.586282
4.360000	4.570182
4.380000	4.553717
4.400000	4.536888
4.420000	4.519696
4.440000	4.502142
4.460000	4.484228
4.480000	4.465955
4.500000	4.447325
4.520000	4.428340
4.540000	4.409000
4.560000	4.389307
4.580000	4.369263
4.600000	4.348870
4.620000	4.328128
4.640000	4.307041
4.660000	4.285609
4.680000	4.263834
4.700000	4.241718
4.720000	4.219262
4.740000	4.196469
4.760000	4.173340
4.780000	4.149878
4.800000	4.126083
4.820000	4.101959
4.840000	4.077506
4.860000	4.052727
4.880000	4.027624
4.900000	4.002198
4.920000	3.976453
4.940000	3.950389
4.960000	3.924009
4.980000	3.897316
5.000000	3.870310
5.020000	3.842995
5.040000	3.815372
5.060000	3.787445
5.080000	3.759214
5.100000	3.730682
5.120000	3.701853
5.140000	3.672726
5.160000	3.643307
5.180000	3.613595
5.200000	3.583595
5.220000	3.553308
5.240000	3.522736
5.260000	3.491883
5.280000	3.460750
5.300000	3.429341
5.320000	3.397657
5.340000	3.365702
5.360000	3.333477
5.380000	3.300985
5.400000	3.268230
5.420000	3.235213
5.440000	3.201937
5.460000	3.168405
5.480000	3.134619
5.500000	3.100583
5.520000	3.066299
5.540000	3.031769
5.560000	2.996997
5.580000	2.961985
5.600000	2.926736
5.620000	2.891253
5.640000	2.855539
5.660000	2.819596
5.680000	2.783427
5.700000	2.747036
5.720000	2.710426
5.740000	2.673598
5.760000	2.636557
5.780000	2.599304
5.800000	2.561844
5.820000	2.524178
5.840000	2.486311
5.860000	2.448245
5.880000	2.409983
5.900000	2.371528
5.920000	2.332884
5.940000	2.294053
5.960000	2.255038
5.980000	2.215843
6.000000	2.176470
6.020000	2.136924
6.040000	2.097206
6.060000	2.057321
6.080000	2.017271
6.100000	1.977060
6.120000	1.936691
6.140000	1.896167
6.160000	1.855491
6.180000	1.814666
6.200000	1.773697
6.220000	1.732585
6.240000	1.691335
6.260000	1.649950
6.280000	1.608432
6.300000	1.566786
6.320000	1.525015
6.340000	1.483121
6.360000	1.441109
6.380000	1.398982
6.400000	1.356743
6.420000	1.314395
6.440000	1.271942
6.460000	1.229387
6.480000	1.186734
6.500000	1.143986
6.520000	1.101147
6.540000	1.058219
6.560000	1.015207
6.580000	0.972113
6.600000	0.928942
6.620000	0.885697
6.640000	0.842380
6.660000	0.798996
6.680000	0.755549
6.700000	0.712040
6.720000	0.668475
6.740000	0.624857
6.760000	0.581188
6.780000	0.537473
6.800000	0.493715
6.820000	0.449917
6.840000	0.406084
6.860000	0.362218
6.880000	0.318323
6.900000	0.274402
6.920000	0.230460
6.940000	0.186499
6.960000	0.142523
6.980000	0.098536
7.000000	0.054541
7.020000	0.010541
7.040000	-0.033459
7.060000	-0.077457
7.080000	-0.121448
7.100000	-0.165430
7.120000	-0.209399
7.140000	-0.253350
7.160000	-0.297282
7.180000	-0.341190
7.200000	-0.385070
7.220000	-0.428920
7.240000	-0.472735
7.260000	-0.516512
7.280000	-0.560248
7.300000	-0.603940
7.320000	-0.647583
7.340000	-0.691174
7.360000	-0.734710
7.380000	-0.778187
7.400000	-0.821602
7.420000	-0.864951
7.440000	-0.908231
7.460000	-0.951438
7.480000	-0.994569
7.500000	-1.037621
7.520000	-1.080590
7.540000	-1.123472
7.560000	-1.166264
7.580000	-1.208963
7.600000	-1.251565
7.620000	-1.294067
7.640000	-1.336466
7.660000	-1.378758
7.680000	-1.420939
7.700000	-1.463007
7.720000	-1.504957
7.740000	-1.546788
7.760000	-1.588494
7.780000	-1.630074
7.800000	-1.671523
7.820000	-1.712838
7.840000	-1.754016
7.860000	-1.795054
7.880000	-1.835949
7.900000	-1.876696
7.920000	-1.917294
7.940000	-1.957738
7.960000	-1.998025
7.980000	-2.038152
8.000000	-2.078117
8.020000	-2.117915
8.040000	-2.157544
8.060000	-2.197000
8.080000	-2.236281
8.100000	-2.275382
8.120000	-2.314302
8.140000	-2.353036
8.160000	-2.391582
8.180000	-2.429937
8.200000	-2.468097
8.220000	-2.506060
8.240000	-2.543823
8.260000	-2.581381
8.280000	-2.618734
8.300000	-2.655877
8.320000	-2.692807
8.340000	-2.729522
8.360000	-2.766019
8.380000	-2.802294
8.400000	-2.838346
8.420000	-2.874170
8.440000	-2.909764
8.460000	-2.945125
8.480000	-2.980251
8.500000	-3.015139
8.520000	-3.049785
8.540000	-3.084187
8.560000	-3.118342
8.580000	-3.152248
8.600000	-3.185902
8.620000	-3.219301
8.640000	-3.252443
8.660000	-3.285324
8.680000	-3.317942
8.700000	-3.350295
8.720000	-3.382380
8.740000	-3.414194
8.760000	-3.445736
8.780000	-3.477001
8.800000	-3.507988
8.820000	-3.538695
8.840000	-3.569119
8.860000	-3.599257
8.880000	-3.629107
8.900000	-3.658667
8.920000	-3.687934
8.940000	-3.716906
8.960000	-3.745581
8.980000	-3.773956
9.000000	-3.802029
9.020000	-3.829798
9.040000	-3.857261
9.060000	-3.884415
9.080000	-3.911258
9.100000	-3.937789
9.120000	-3.964004
9.140000	-3.989903
9.160000	-4.015482
9.180000	-4.040739
9.200000	-4.065674
9.220000	-4.090283
9.240000	-4.114565
9.260000	-4.138518
9.280000	-4.162140
9.300000	-4.185429
9.320000	-4.208383
9.340000	-4.231001
9.360000	-4.253280
9.380000	-4.275218
9.400000	-4.296815
9.420000	-4.318068
9.440000	-4.338975
9.460000	-4.359535
9.480000	-4.379747
9.500000	-4.399608
9.520000	-4.419117
9.540000	-4.438273
9.560000	-4.457074
9.580000	-4.475518
9.600000	-4.493604
9.620000	-4.511330
9.640000	-4.528696
9.660000	-4.545699
9.680000	-4.562339
9.700000	-4.578614
9.720000	-4.594522
9.740000	-4.610063
9.760000	-4.625235
9.780000	-4.640037
9.800000	-4.654468
9.820000	-4.668526
9.840000	-4.682211
9.860000	-4.695521
9.880000	-4.708456
9.900000	-4.721014
9.920000	-4.733195
9.940000	-4.744996
9.960000	-4.756418
9.980000	-4.767460
10.000000	-4.778120
10.020000	-4.788398
10.040000	-4.798293
10.060000	-4.807804
10.080000	-4.816931
10.100000	-4.825672
10.120000	-4.834027
10.140000	-4.841995
10.160000	-4.849576
10.180000	-4.856769
10.200000	-4.863573
10.220000	-4.869988
10.240000	-4.876014
10.260000	-4.881650
10.280000	-4.886895
10.300000	-4.891749
10.320000	-4.896212
10.340000	-4.900283
10.360000	-4.903962
10.380000	-4.907249
10.400000	-4.910143
10.420000	-4.912645
10.440000	-4.914753
10.460000	-4.916468
10.480000	-4.917790
10.500000	-4.918718
10.520000	-4.919253
10.540000	-4.919395
10.560000	-4.919143
10.580000	-4.918497
10.600000	-4.917458
10.620000	-4.916025
10.640000	-4.914200
10.660000	-4.911981
10.680000	-4.909369
10.700000	-4.906364
10.720000	-4.902967
10.740000	-4.899177
10.760000	-4.894996
10.780000	-4.890423
10.800000	-4.885459
10.820000	-4.880104
10.840000	-4.874359
10.860000	-4.868223
10.880000	-4.861698
10.900000	-4.854785
10.920000	-4.847482
10.940000	-4.839792
10.960000	-4.831715
10.980000	-4.823252
11.000000	-4.814402
11.020000	-4.805167
11.040000	-4.795548
11.060000	-4.785546
11.080000	-4.775160
11.100000	-4.764392
11.120000	-4.753244
11.140000	-4.741715
11.160000	-4.729806
11.180000	-4.717520
11.200000	-4.704856
11.220000	-4.691815
11.240000	-4.678399
11.260000	-4.664609
11.280000	-4.650446
11.300000	-4.635910
11.320000	-4.621004
11.340000	-4.605728
11.360000	-4.590084
11.380000	-4.574072
11.400000	-4.557695
11.420000	-4.540953
11.440000	-4.523847
11.460000	-4.506380
11.480000	-4.488552
11.500000	-4.470366
11.520000	-4.451821
11.540000	-4.432920
11.560000	-4.413665
11.580000	-4.394057
11.600000	-4.374097
11.620000	-4.353787
11.640000	-4.333129
11.660000	-4.312124
11.680000	-4.290774
11.700000	-4.269081
11.720000	-4.247047
11.740000	-4.224672
11.760000	-4.201960
11.780000	-4.178912
11.800000	-4.155529
11.820000	-4.131814
11.840000	-4.107768
11.860000	-4.083394
11.880000	-4.058693
11.900000	-4.033667
11.920000	-4.008319
11.940000	-3.982649
11.960000	-3.956662
11.980000	-3.930358
12.000000	-3.903739
