2.199912	0.044000
2.199648	0.087996
2.199208	0.131986
2.198592	0.175965
2.197800	0.219930
2.196833	0.263877
2.195689	0.307803
2.194370	0.351704
2.192876	0.395578
2.191206	0.439419
2.189361	0.483226
2.187340	0.526994
2.185145	0.570720
2.182774	0.614400
2.180230	0.658031
2.177510	0.701609
2.174617	0.745131
2.171549	0.788593
2.168308	0.831993
2.164894	0.875326
2.161306	0.918589
2.157545	0.961778
2.153612	1.004890
2.149506	1.047923
2.145228	1.090871
2.140779	1.133732
2.136159	1.176502
2.131367	1.219178
2.126406	1.261757
2.121274	1.304234
2.115972	1.346608
2.110501	1.388873
2.104861	1.431028
2.099053	1.473068
2.093077	1.514990
2.086933	1.556791
2.080623	1.598467
2.074146	1.640016
2.067503	1.681433
2.060695	1.722716
2.053721	1.763861
2.046584	1.804864
2.039283	1.845724
2.031818	1.886436
2.024192	1.926997
2.016403	1.967403
2.008453	2.007653
2.000342	2.047742
1.992071	2.087666
1.983641	2.127424
1.975052	2.167012
1.966305	2.206426
1.957401	2.245664
1.948340	2.284723
1.939124	2.323598
1.929752	2.362287
1.920226	2.400788
1.910546	2.439096
1.900713	2.477210
1.890729	2.515125
1.880593	2.552839
1.870306	2.590349
1.859870	2.627651
1.849285	2.664744
1.838553	2.701623
1.827673	2.738286
1.816647	2.774730
1.805476	2.810952
1.794160	2.846949
1.782700	2.882718
1.771098	2.918257
1.759355	2.953562
1.747470	2.988631
1.735446	3.023461
1.723283	3.058049
1.710982	3.092392
1.698545	3.126488
1.685971	3.160334
1.673262	3.193927
1.660420	3.227264
1.647445	3.260344
1.634338	3.293162
1.621100	3.325717
1.607733	3.358006
1.594237	3.390026
1.580613	3.421776
1.566863	3.453251
1.552987	3.484450
1.538988	3.515370
1.524865	3.546010
1.510620	3.576365
1.496255	3.606434
1.481769	3.636215
1.467166	3.665705
1.452444	3.694902
1.437607	3.723803
1.422655	3.752406
1.407588	3.780709
1.392409	3.808710
1.377119	3.836405
1.361719	3.863794
1.346210	3.890874
1.330592	3.917643
1.314869	3.944098
1.299040	3.970238
1.283108	3.996060
1.267072	4.021562
1.250936	4.046742
1.234699	4.071599
1.218364	4.096130
1.201931	4.120334
1.185402	4.144208
1.168778	4.167750
1.152060	4.190959
1.135251	4.213832
1.118350	4.236369
1.101361	4.258566
1.084283	4.280423
1.067118	4.301938
1.049868	4.323108
1.032534	4.343932
1.015117	4.364409
0.997619	4.384537
0.980041	4.404314
0.962385	4.423739
0.944652	4.442809
0.926844	4.461525
0.908961	4.479883
0.891005	4.497883
0.872978	4.515523
0.854882	4.532802
0.836717	4.549719
0.818485	4.566271
0.800187	4.582458
0.781826	4.598279
0.763402	4.613731
0.744917	4.628815
0.726372	4.643528
0.707769	4.657869
0.689110	4.671839
0.670395	4.685434
0.651627	4.698654
0.632807	4.711499
0.613936	4.723967
0.595016	4.736056
0.576048	4.747767
0.557034	4.759098
0.537976	4.770049
0.518875	4.780617
0.499732	4.790804
0.480549	4.800607
0.461328	4.810026
0.442070	4.819060
0.422776	4.827708
0.403449	4.835971
0.384089	4.843846
0.364699	4.851334
0.345279	4.858434
0.325832	4.865145
0.306359	4.871468
0.286861	4.877400
0.267340	4.882942
0.247798	4.888093
0.228236	4.892854
0.208656	4.897223
0.189059	4.901200
0.169447	4.904785
0.149822	4.907978
0.130184	4.910778
0.110537	4.913185
0.090880	4.915200
0.071216	4.916821
0.051546	4.918048
0.031872	4.918882
0.012196	4.919323
-0.007482	4.919370
-0.027158	4.919024
-0.046833	4.918284
-0.066504	4.917151
-0.086170	4.915624
-0.105828	4.913704
-0.125478	4.911391
-0.145119	4.908685
-0.164747	4.905586
-0.184362	4.902095
-0.203963	4.898211
-0.223547	4.893936
-0.243114	4.889270
-0.262661	4.884212
-0.282187	4.878763
-0.301690	4.872924
-0.321169	4.866696
-0.340623	4.860077
-0.360049	4.853071
-0.379447	4.845675
-0.398814	4.837893
-0.418149	4.829723
-0.437451	4.821167
-0.456718	4.812225
-0.475948	4.802898
-0.495140	4.793187
-0.514292	4.783092
-0.533404	4.772615
-0.552473	4.761756
-0.571497	4.750516
-0.590476	4.738896
-0.609408	4.726897
-0.628290	4.714520
-0.647123	4.701766
-0.665904	4.688635
-0.684631	4.675130
-0.703304	4.661250
-0.721921	4.646997
-0.740479	4.632373
-0.758979	4.617378
-0.777418	4.602014
-0.795794	4.586282
-0.814107	4.570182
-0.832355	4.553717
-0.850536	4.536888
-0.868649	4.519696
-0.886693	4.502142
-0.904666	4.484228
-0.922566	4.465955
-0.940393	4.447325
-0.958144	4.428340
-0.975819	4.409000
-0.993415	4.389307
-1.010932	4.369263
-1.028369	4.348870
-1.045723	4.328128
-1.062993	4.307041
-1.080178	4.285609
-1.097277	4.263834
-1.114288	4.241718
-1.131210	4.219262
-1.148042	4.196469
-1.164781	4.173340
-1.181428	4.149878
-1.197980	4.126083
-1.214436	4.101959
-1.230795	4.077506
-1.247055	4.052727
-1.263216	4.027624
-1.279276	4.002198
-1.295233	3.976453
-1.311087	3.950389
-1.326835	3.924009
-1.342478	3.897316
-1.358013	3.870310
-1.373440	3.842995
-1.388757	3.815372
-1.403962	3.787445
-1.419056	3.759214
-1.434035	3.730682
-1.448900	3.701853
-1.463650	3.672726
-1.478282	3.643307
-1.492795	3.613595
-1.507190	3.583595
-1.521464	3.553308
-1.535616	3.522736
-1.549645	3.491883
-1.563550	3.460750
-1.577330	3.429341
-1.590984	3.397657
-1.604511	3.365702
-1.617909	3.333477
-1.631178	3.300985
-1.644317	3.268230
-1.657324	3.235213
-1.670198	3.201937
-1.682939	3.168405
-1.695545	3.134619
-1.708015	3.100583
-1.720349	3.066299
-1.732545	3.031769
-1.744603	2.996997
-1.756521	2.961985
-1.768298	2.926736
-1.779934	2.891253
-1.791428	2.855539
-1.802778	2.819596
-1.813984	2.783427
-1.825045	2.747036
-1.835960	2.710426
-1.846728	2.673598
-1.857348	2.636557
-1.867820	2.599304
-1.878142	2.561844
-1.888314	2.524178
-1.898335	2.486311
-1.908204	2.448245
-1.917921	2.409983
-1.927484	2.371528
-1.936892	2.332884
-1.946146	2.294053
-1.955245	2.255038
-1.964186	2.215843
-1.972971	2.176470
-1.981598	2.136924
-1.990066	2.097206
-1.998375	2.057321
-2.006524	2.017271
-2.014513	1.977060
-2.022340	1.936691
-2.030006	1.896167
-2.037509	1.855491
-2.044850	1.814666
-2.052026	1.773697
-2.059039	1.732585
-2.065887	1.691335
-2.072569	1.649950
-2.079086	1.608432
-2.085437	1.566786
-2.091620	1.525015
-2.097637	1.483121
-2.103485	1.441109
-2.109165	1.398982
-2.114677	1.356743
-2.120019	1.314395
-2.125192	1.271942
-2.130194	1.229387
-2.135026	1.186734
-2.139688	1.143986
-2.144178	1.101147
-2.148497	1.058219
-2.152644	1.015207
-2.156618	0.972113
-2.160420	0.928942
-2.164050	0.885697
-2.167506	0.842380
-2.170789	0.798996
-2.173898	0.755549
-2.176833	0.712040
-2.179594	0.668475
-2.182181	0.624857
-2.184593	0.581188
-2.186830	0.537473
-2.188892	0.493715
-2.190780	0.449917
-2.192492	0.406084
-2.194028	0.362218
-2.195389	0.318323
-2.196575	0.274402
-2.197585	0.230460
-2.198418	0.186499
-2.199077	0.142523
-2.199559	0.098536
-2.199865	0.054541
-2.199995	0.010541
-2.199949	-0.033459
-2.199727	-0.077457
-2.199329	-0.121448
-2.198756	-0.165430
-2.198006	-0.209399
-2.197081	-0.253350
-2.195979	-0.297282
-2.194702	-0.341190
-2.193250	-0.385070
-2.191622	-0.428920
-2.189819	-0.472735
-2.187840	-0.516512
-2.185687	-0.560248
-2.183358	-0.603940
-2.180855	-0.647583
-2.178178	-0.691174
-2.175326	-0.734710
-2.172300	-0.778187
-2.169100	-0.821602
-2.165727	-0.864951
-2.162181	-0.908231
-2.158462	-0.951438
-2.154570	-0.994569
-2.150505	-1.037621
-2.146269	-1.080590
-2.141861	-1.123472
-2.137281	-1.166264
-2.132531	-1.208963
-2.127610	-1.251565
-2.122518	-1.294067
-2.117257	-1.336466
-2.111827	-1.378758
-2.106228	-1.420939
-2.100460	-1.463007
-2.094524	-1.504957
-2.088420	-1.546788
-2.082150	-1.588494
-2.075713	-1.630074
-2.069109	-1.671523
-2.062341	-1.712838
-2.055407	-1.754016
-2.048309	-1.795054
-2.041047	-1.835949
-2.033621	-1.876696
-2.026033	-1.917294
-2.018283	-1.957738
-2.010372	-1.998025
-2.002300	-2.038152
-1.994067	-2.078117
-1.985675	-2.117915
-1.977124	-2.157544
-1.968415	-2.197000
-1.959548	-2.236281
-1.950525	-2.275382
-1.941346	-2.314302
-1.932011	-2.353036
-1.922522	-2.391582
-1.912879	-2.429937
-1.903083	-2.468097
-1.893134	-2.506060
-1.883035	-2.543823
-1.872784	-2.581381
-1.862384	-2.618734
-1.851835	-2.655877
-1.841137	-2.692807
-1.830293	-2.729522
-1.819302	-2.766019
-1.808165	-2.802294
-1.796884	-2.838346
-1.785459	-2.874170
-1.773891	-2.909764
-1.762181	-2.945125
-1.750330	-2.980251
-1.738340	-3.015139
-1.726210	-3.049785
-1.713942	-3.084187
-1.701537	-3.118342
-1.688995	-3.152248
-1.676319	-3.185902
-1.663509	-3.219301
-1.650565	-3.252443
-1.637490	-3.285324
-1.624283	-3.317942
-1.610947	-3.350295
-1.597481	-3.382380
-1.583888	-3.414194
-1.570168	-3.445736
-1.556323	-3.477001
-1.542353	-3.507988
-1.528260	-3.538695
-1.514044	-3.569119
-1.499707	-3.599257
-1.485250	-3.629107
-1.470675	-3.658667
-1.455982	-3.687934
-1.441172	-3.716906
-1.426247	-3.745581
-1.411208	-3.773956
-1.396056	-3.802029
-1.380792	-3.829798
-1.365418	-3.857261
-1.349935	-3.884415
-1.334344	-3.911258
-1.318645	-3.937789
-1.302842	-3.964004
-1.286934	-3.989903
-1.270923	-4.015482
-1.254811	-4.040739
-1.238598	-4.065674
-1.222286	-4.090283
-1.205876	-4.114565
-1.189370	-4.138518
-1.172769	-4.162140
-1.156074	-4.185429
-1.139286	-4.208383
-1.122407	-4.231001
-1.105439	-4.253280
-1.088382	-4.275218
-1.071238	-4.296815
-1.054008	-4.318068
-1.036694	-4.338975
-1.019297	-4.359535
-1.001818	-4.379747
-0.984260	-4.399608
-0.966622	-4.419117
-0.948907	-4.438273
-0.931117	-4.457074
-0.913251	-4.475518
-0.895313	-4.493604
-0.877303	-4.511330
-0.859223	-4.528696
-0.841075	-4.545699
-0.822858	-4.562339
-0.804577	-4.578614
-0.786230	-4.594522
-0.767821	-4.610063
-0.749351	-4.625235
-0.730820	-4.640037
-0.712231	-4.654468
-0.693585	-4.668526
-0.674884	-4.682211
-0.656128	-4.695521
-0.637320	-4.708456
-0.618461	-4.721014
-0.599553	-4.733195
-0.580596	-4.744996
-0.561594	-4.756418
-0.542546	-4.767460
-0.523455	-4.778120
-0.504322	-4.788398
-0.485148	-4.798293
-0.465936	-4.807804
-0.446687	-4.816931
-0.427401	-4.825672
-0.408082	-4.834027
-0.388730	-4.841995
-0.369347	-4.849576
-0.349934	-4.856769
-0.330493	-4.863573
-0.311026	-4.869988
-0.291534	-4.876014
-0.272019	-4.881650
-0.252482	-4.886895
-0.232925	-4.891749
-0.213349	-4.896212
-0.193756	-4.900283
-0.174147	-4.903962
-0.154525	-4.907249
-0.134890	-4.910143
-0.115244	-4.912645
-0.095590	-4.914753
-0.075927	-4.916468
-0.056259	-4.917790
-0.036586	-4.918718
-0.016910	-4.919253
0.002768	-4.919395
0.022445	-4.919143
0.042120	-4.918497
0.061792	-4.917458
0.081459	-4.916025
0.101119	-4.914200
0.120772	-4.911981
0.140414	-4.909369
0.160046	-4.906364
0.179665	-4.902967
0.199269	-4.899177
0.218857	-4.894996
0.238428	-4.890423
0.257980	-4.885459
0.277511	-4.880104
0.297020	-4.874359
0.316505	-4.868223
0.335965	-4.861698
0.355398	-4.854785
0.374802	-4.847482
0.394177	-4.839792
0.413520	-4.831715
0.432830	-4.823252
0.452105	-4.814402
0.471344	-4.805167
0.490546	-4.795548
0.509708	-4.785546
0.528829	-4.775160
0.547908	-4.764392
0.566944	-4.753244
0.585934	-4.741715
0.604877	-4.729806
0.623771	-4.717520
0.642616	-4.704856
0.661409	-4.691815
0.680150	-4.678399
0.698836	-4.664609
0.717466	-4.650446
0.736039	-4.635910
0.754552	-4.621004
0.773006	-4.605728
0.791398	-4.590084
0.809726	-4.574072
0.827989	-4.557695
0.846187	-4.540953
0.864316	-4.523847
0.882377	-4.506380
0.900367	-4.488552
0.918284	-4.470366
0.936129	-4.451821
0.953898	-4.432920
0.971591	-4.413665
0.989207	-4.394057
1.006743	-4.374097
1.024199	-4.353787
1.041573	-4.333129
1.058863	-4.312124
1.076069	-4.290774
1.093189	-4.269081
1.110221	-4.247047
1.127165	-4.224672
1.144018	-4.201960
1.160780	-4.178912
1.177448	-4.155529
1.194023	-4.131814
1.210502	-4.107768
1.226885	-4.083394
1.243169	-4.058693
1.259354	-4.033667
1.275437	-4.008319
1.291419	-3.982649
1.307298	-3.956662
1.323072	-3.930358
1.338740	-3.903739
1.354301	-3.876808
1.369754	-3.849567
1.385097	-3.822018
1.400330	-3.794163
1.415450	-3.766005
1.430457	-3.737545
1.445350	-3.708786
1.460127	-3.679731
1.474787	-3.650381
1.489329	-3.620739
1.503752	-3.590808
1.518055	-3.560589
1.532236	-3.530086
1.546295	-3.499300
1.560230	-3.468234
1.574041	-3.436891
1.587725	-3.405272
1.601282	-3.373382
1.614711	-3.341221
1.628011	-3.308793
1.641181	-3.276101
1.654220	-3.243146
1.667126	-3.209932
1.679899	-3.176461
1.692537	-3.142736
1.705040	-3.108759
1.717407	-3.074534
1.729636	-3.040063
1.741727	-3.005349
1.753678	-2.970394
1.765489	-2.935202
1.777159	-2.899775
1.788687	-2.864115
1.800072	-2.828227
1.811312	-2.792113
1.822408	-2.755775
1.833358	-2.719216
1.844161	-2.682440
1.854817	-2.645450
1.865325	-2.608248
1.875683	-2.570837
1.885891	-2.533220
1.895948	-2.495401
1.905854	-2.457382
1.915607	-2.419167
1.925207	-2.380758
1.934653	-2.342159
1.943944	-2.303372
1.953079	-2.264401
1.962058	-2.225249
1.970881	-2.185919
1.979545	-2.146414
1.988052	-2.106737
1.996399	-2.066891
2.004587	-2.026881
2.012614	-1.986708
2.020480	-1.946376
2.028184	-1.905889
2.035727	-1.865249
2.043106	-1.824460
2.050322	-1.783525
2.057374	-1.742447
2.064261	-1.701230
2.070984	-1.659876
2.077540	-1.618390
2.083930	-1.576775
2.090154	-1.535033
2.096210	-1.493169
2.102099	-1.451185
2.107820	-1.409085
2.113372	-1.366872
2.118754	-1.324550
2.123968	-1.282122
2.129011	-1.239591
2.133884	-1.196961
2.138587	-1.154236
2.143118	-1.111418
2.147478	-1.068511
2.151666	-1.025519
2.155682	-0.982444
2.159525	-0.939291
2.163196	-0.896063
2.166694	-0.852764
2.170018	-0.809396
2.173169	-0.765963
2.176146	-0.722469
2.178948	-0.678917
2.181577	-0.635311
2.184031	-0.591654
2.186310	-0.547950
2.188414	-0.504202
2.190344	-0.460413
2.192098	-0.416588
2.193676	-0.372729
2.195079	-0.328841
2.196307	-0.284926
2.197359	-0.240989
2.198235	-0.197032
2.198935	-0.153059
2.199459	-0.109074
2.199807	-0.065081
2.199980	-0.021082
2.199976	0.022918
2.199796	0.066917
2.199441	0.110910
2.198909	0.154895
2.198202	0.198867
2.197318	0.242823
2.196259	0.286759
2.195024	0.330673
2.193614	0.374560
2.192028	0.418418
2.190267	0.462241
2.188330	0.506028
2.186218	0.549775
2.183932	0.593477
2.181471	0.637132
2.178835	0.680736
2.176025	0.724285
2.173041	0.767777
2.169883	0.811207
2.166551	0.854572
2.163046	0.897869
2.159368	0.941094
2.155518	0.984244
2.151495	1.027315
2.147299	1.070304
2.142932	1.113207
2.138394	1.156021
2.133684	1.198742
2.128804	1.241368
2.123754	1.283895
2.118533	1.326318
2.113143	1.368636
2.107584	1.410844
2.101857	1.452939
2.095961	1.494918
2.089898	1.536778
2.083667	1.578514
2.077270	1.620124
2.070706	1.661605
2.063977	1.702953
2.057083	1.744164
2.050024	1.785236
2.042801	1.826165
2.035415	1.866948
2.027866	1.907582
2.020155	1.948063
2.012282	1.988388
2.004248	2.028554
1.996054	2.068558
1.987700	2.108396
1.979187	2.148066
1.970516	2.187564
1.961687	2.226886
1.952701	2.266031
1.943559	2.304995
1.934261	2.343773
1.924809	2.382365
1.915203	2.420766
1.905443	2.458973
1.895531	2.496984
1.885468	2.534794
1.875254	2.572402
1.864889	2.609804
1.854375	2.646998
1.843714	2.683979
1.832904	2.720746
1.821948	2.757296
1.810846	2.793624
1.799599	2.829730
1.788209	2.865608
1.776675	2.901258
1.764999	2.936675
1.753182	2.971858
1.741225	3.006803
1.729128	3.041507
1.716893	3.075968
1.704521	3.110183
1.692012	3.144149
1.679368	3.177863
1.666590	3.211323
1.653678	3.244527
1.640634	3.277470
1.627459	3.310152
1.614153	3.342569
1.600719	3.374718
1.587156	3.406598
1.573467	3.438204
1.559651	3.469536
1.545711	3.500590
1.531647	3.531365
1.517461	3.561856
1.503153	3.592063
1.488725	3.621982
1.474177	3.651612
1.459512	3.680950
1.444730	3.709993
1.429833	3.738739
1.414821	3.767186
1.399696	3.795332
1.384459	3.823174
1.369111	3.850710
1.353654	3.877938
1.338088	3.904856
1.322416	3.931462
1.306637	3.957753
1.290754	3.983727
1.274768	4.009383
1.258680	4.034718
1.242491	4.059730
1.226203	4.084418
1.209816	4.108778
1.193333	4.132810
1.176755	4.156512
1.160082	4.179880
1.143316	4.202915
1.126459	4.225613
1.109512	4.247973
1.092476	4.269994
1.075353	4.291672
1.058143	4.313008
1.040849	4.333998
1.023472	4.354642
1.006013	4.374937
0.988473	4.394882
0.970855	4.414476
0.953158	4.433716
0.935386	4.452602
0.917538	4.471132
0.899617	4.489304
0.881624	4.507116
0.863561	4.524569
0.845429	4.541659
0.827228	4.558386
0.808962	4.574748
0.790631	4.590744
0.772237	4.606373
0.753781	4.621634
0.735265	4.636524
0.716690	4.651044
0.698057	4.665192
0.679369	4.678967
0.660626	4.692367
0.641831	4.705392
0.622984	4.718040
0.604087	4.730311
0.585142	4.742204
0.566150	4.753717
0.547113	4.764850
0.528032	4.775601
0.508909	4.785971
0.489745	4.795958
0.470542	4.805561
0.451301	4.814779
0.432025	4.823613
0.412713	4.832060
0.393369	4.840121
0.373993	4.847795
0.354587	4.855081
0.335153	4.861978
0.315692	4.868487
0.296206	4.874606
0.276696	4.880335
0.257164	4.885674
0.237612	4.890622
0.218040	4.895178
0.198451	4.899343
0.178846	4.903116
0.159227	4.906497
0.139595	4.909486
0.119952	4.912081
0.100299	4.914284
0.080638	4.916093
0.060971	4.917509
0.041299	4.918532
0.021623	4.919161
0.001946	4.919397
-0.017731	4.919239
-0.037407	4.918688
-0.057080	4.917743
-0.076748	4.916404
-0.096410	4.914673
-0.116064	4.912548
-0.135710	4.910030
-0.155344	4.907120
-0.174966	4.903816
-0.194574	4.900121
-0.214166	4.896034
-0.233741	4.891554
-0.253298	4.886684
-0.272834	4.881422
-0.292348	4.875770
-0.311839	4.869729
-0.331305	4.863297
-0.350745	4.856476
-0.370156	4.849267
-0.389538	4.841670
-0.408889	4.833686
-0.428207	4.825314
-0.447491	4.816557
-0.466739	4.807415
-0.485949	4.797888
-0.505121	4.787977
-0.524252	4.777683
-0.543342	4.767007
-0.562388	4.755949
-0.581388	4.744511
-0.600343	4.732694
-0.619249	4.720498
-0.638106	4.707924
-0.656912	4.694973
-0.675665	4.681647
-0.694364	4.667947
-0.713008	4.653873
-0.731595	4.639426
-0.750123	4.624609
-0.768591	4.609422
-0.786997	4.593865
-0.805341	4.577942
-0.823620	4.561652
-0.841833	4.544997
-0.859979	4.527978
-0.878056	4.510598
-0.896063	4.492856
-0.913999	4.474755
-0.931861	4.456296
-0.949648	4.437481
-0.967360	4.418310
-0.984994	4.398786
-1.002549	4.378910
-1.020025	4.358684
-1.037418	4.338109
-1.054729	4.317188
-1.071955	4.295920
-1.089095	4.274309
-1.106149	4.252356
-1.123114	4.230063
-1.139989	4.207432
-1.156772	4.184464
-1.173464	4.161161
-1.190061	4.137525
-1.206563	4.113559
-1.222969	4.089263
-1.239277	4.064640
-1.255485	4.039692
-1.271594	4.014420
-1.287600	3.988828
-1.303504	3.962916
-1.319303	3.936688
-1.334996	3.910144
-1.350583	3.883288
-1.366062	3.856121
-1.381432	3.828646
-1.396691	3.800864
-1.411838	3.772778
-1.426872	3.744390
-1.441792	3.715703
-1.456597	3.686719
-1.471286	3.657439
-1.485856	3.627867
-1.500308	3.598005
-1.514640	3.567855
-1.528850	3.537419
-1.542938	3.506701
-1.556903	3.475702
-1.570744	3.444425
-1.584458	3.412872
-1.598046	3.381046
-1.611506	3.348950
-1.624837	3.316586
-1.638038	3.283957
-1.651108	3.251065
-1.664046	3.217912
-1.676851	3.184503
-1.689522	3.150838
-1.702057	3.116922
-1.714457	3.082756
-1.726719	3.048344
-1.738843	3.013687
-1.750828	2.978790
-1.762673	2.943654
-1.774376	2.908283
-1.785938	2.872679
-1.797357	2.836845
-1.808633	2.800785
-1.819763	2.764500
-1.830748	2.727994
-1.841587	2.691270
-1.852278	2.654331
-1.862821	2.617179
-1.873215	2.579818
-1.883459	2.542250
-1.893553	2.504480
-1.903495	2.466508
-1.913284	2.428340
-1.922921	2.389977
-1.932404	2.351423
-1.941732	2.312681
-1.950905	2.273754
-1.959922	2.234645
-1.968782	2.195357
-1.977484	2.155893
-1.986028	2.116257
-1.994414	2.076452
-2.002640	2.036481
-2.010705	1.996347
-2.018610	1.956053
-2.026353	1.915602
-2.033935	1.874999
-2.041353	1.834245
-2.048608	1.793344
-2.055700	1.752301
-2.062626	1.711116
-2.069388	1.669795
-2.075985	1.628341
-2.082415	1.586756
-2.088678	1.545044
-2.094775	1.503209
-2.100704	1.461253
-2.106465	1.419181
-2.112057	1.376995
-2.117480	1.334699
-2.122734	1.292296
-2.127819	1.249789
-2.132732	1.207183
-2.137476	1.164480
-2.142048	1.121684
-2.146449	1.078798
-2.150678	1.035826
-2.154736	0.992771
-2.158620	0.949636
-2.162332	0.906426
-2.165872	0.863143
-2.169237	0.819791
-2.172430	0.776374
-2.175448	0.732894
-2.178293	0.689356
-2.180963	0.645762
-2.183459	0.602117
-2.185780	0.558424
-2.187926	0.514686
-2.189897	0.470907
-2.191693	0.427090
-2.193314	0.383239
-2.194759	0.339357
-2.196029	0.295449
-2.197123	0.251516
-2.198041	0.207564
-2.198783	0.163595
-2.199350	0.119612
-2.199740	0.075621
-2.199955	0.031623
-2.199993	-0.012377
-2.199856	-0.056377
-2.199542	-0.100372
-2.199053	-0.144359
-2.198387	-0.188334
-2.197546	-0.232294
-2.196529	-0.276236
-2.195336	-0.320155
-2.193968	-0.364049
-2.192424	-0.407914
-2.190704	-0.451746
-2.188810	-0.495542
-2.186740	-0.539298
-2.184496	-0.583012
-2.182076	-0.626678
-2.179482	-0.670295
-2.176714	-0.713858
-2.173771	-0.757363
-2.170655	-0.800808
-2.167365	-0.844189
-2.163902	-0.887503
-2.160265	-0.930746
-2.156456	-0.973914
-2.152474	-1.017004
-2.148320	-1.060013
-2.143994	-1.102937
-2.139497	-1.145772
-2.134828	-1.188516
-2.129989	-1.231165
-2.124979	-1.273716
-2.119799	-1.316165
-2.114450	-1.358508
-2.108931	-1.400743
-2.103244	-1.442865
-2.097389	-1.484872
-2.091365	-1.526761
-2.085175	-1.568527
-2.078818	-1.610168
-2.072294	-1.651680
-2.065604	-1.693060
-2.058750	-1.734304
-2.051730	-1.775410
-2.044547	-1.816373
-2.037200	-1.857191
-2.029689	-1.897861
-2.022017	-1.938379
-2.014183	-1.978742
-2.006187	-2.018946
-1.998031	-2.058989
-1.989716	-2.098868
-1.981241	-2.138578
-1.972607	-2.178117
-1.963816	-2.217482
-1.954868	-2.256670
-1.945763	-2.295677
-1.936503	-2.334500
-1.927088	-2.373137
-1.917518	-2.411584
-1.907795	-2.449838
-1.897920	-2.487896
-1.887893	-2.525755
-1.877714	-2.563411
-1.867386	-2.600863
-1.856908	-2.638107
-1.846281	-2.675139
-1.835507	-2.711958
-1.824586	-2.748560
-1.813519	-2.784941
-1.802307	-2.821100
-1.790951	-2.857034
-1.779451	-2.892738
-1.767809	-2.928212
-1.756026	-2.963451
-1.744102	-2.998453
-1.732039	-3.033215
-1.719837	-3.067734
-1.707497	-3.102008
-1.695021	-3.136034
-1.682410	-3.169809
-1.669663	-3.203331
-1.656783	-3.236596
-1.643771	-3.269602
-1.630627	-3.302347
-1.617353	-3.334827
-1.603949	-3.367041
-1.590417	-3.398985
-1.576758	-3.430657
-1.562972	-3.462055
-1.549062	-3.493176
-1.535027	-3.524018
-1.520870	-3.554577
-1.506591	-3.584853
-1.492192	-3.614841
-1.477673	-3.644540
-1.463036	-3.673948
-1.448282	-3.703062
-1.433412	-3.731879
-1.418428	-3.760398
-1.403330	-3.788616
-1.388120	-3.816531
-1.372798	-3.844141
-1.357367	-3.871443
-1.341827	-3.898436
-1.326180	-3.925116
-1.310427	-3.951483
-1.294569	-3.977534
-1.278607	-4.003266
-1.262543	-4.028678
-1.246379	-4.053768
-1.230114	-4.078533
-1.213751	-4.102972
-1.197291	-4.127083
-1.180735	-4.150864
-1.164085	-4.174312
-1.147341	-4.197427
-1.130506	-4.220206
-1.113580	-4.242647
-1.096565	-4.264749
-1.079463	-4.286510
-1.062274	-4.307928
-1.045000	-4.329001
-1.027643	-4.349728
-1.010203	-4.370107
-0.992682	-4.390136
-0.975083	-4.409814
-0.957405	-4.429139
-0.939650	-4.448110
-0.921820	-4.466725
-0.903917	-4.484983
-0.885941	-4.502882
-0.867895	-4.520421
-0.849779	-4.537598
-0.831595	-4.554412
-0.813344	-4.570861
-0.795029	-4.586946
-0.776649	-4.602663
-0.758208	-4.618011
-0.739706	-4.632991
-0.721145	-4.647600
-0.702526	-4.661837
-0.683851	-4.675701
-0.665121	-4.689191
-0.646338	-4.702306
-0.627503	-4.715044
-0.608618	-4.727406
-0.589685	-4.739389
-0.570704	-4.750993
-0.551678	-4.762217
-0.532607	-4.773060
-0.513494	-4.783521
-0.494340	-4.793600
-0.475146	-4.803295
-0.455914	-4.812606
-0.436646	-4.821532
-0.417343	-4.830072
-0.398006	-4.838225
-0.378638	-4.845992
-0.359239	-4.853371
-0.339811	-4.860361
-0.320357	-4.866963
-0.300876	-4.873176
-0.281372	-4.878998
-0.261845	-4.884431
-0.242297	-4.889472
-0.222730	-4.894123
-0.203145	-4.898381
-0.183544	-4.902248
-0.163928	-4.905723
-0.144299	-4.908805
-0.124658	-4.911495
-0.105008	-4.913792
-0.085349	-4.915695
-0.065683	-4.917206
-0.046012	-4.918323
-0.026337	-4.919046
-0.006660	-4.919376
0.013017	-4.919313
0.032693	-4.918856
0.052367	-4.918005
0.072037	-4.916761
0.091700	-4.915123
0.111357	-4.913093
0.131004	-4.910669
0.150641	-4.907853
0.170266	-4.904644
0.189878	-4.901042
0.209474	-4.897048
0.229053	-4.892663
0.248614	-4.887886
0.268156	-4.882718
0.287675	-4.877160
0.307172	-4.871211
0.326644	-4.864873
0.346090	-4.858146
0.365509	-4.851030
0.384898	-4.843525
0.404256	-4.835634
