2.200000	0.044000
2.199824	0.087996
2.199472	0.131986
2.198944	0.175965
2.198240	0.219930
2.197360	0.263877
2.196305	0.307803
2.195074	0.351704
2.193667	0.395578
2.192085	0.439419
2.190327	0.483226
2.188394	0.526994
2.186286	0.570720
2.184003	0.614400
2.181546	0.658031
2.178913	0.701609
2.176107	0.745131
2.173127	0.788593
2.169972	0.831993
2.166644	0.875326
2.163143	0.918589
2.159469	0.961778
2.155621	1.004890
2.151602	1.047923
2.147410	1.090871
2.143047	1.133732
2.138512	1.176502
2.133806	1.219178
2.128929	1.261757
2.123882	1.304234
2.118665	1.346608
2.113279	1.388873
2.107723	1.431028
2.101999	1.473068
2.096107	1.514990
2.090047	1.556791
2.083820	1.598467
2.077426	1.640016
2.070866	1.681433
2.064140	1.722716
2.057249	1.763861
2.050194	1.804864
2.042974	1.845724
2.035591	1.886436
2.028046	1.926997
2.020338	1.967403
2.012468	2.007653
2.004437	2.047742
1.996246	2.087666
1.987896	2.127424
1.979386	2.167012
1.970718	2.206426
1.961892	2.245664
1.952910	2.284723
1.943771	2.323598
1.934476	2.362287
1.925027	2.400788
1.915424	2.439096
1.905668	2.477210
1.895759	2.515125
1.885698	2.552839
1.875487	2.590349
1.865126	2.627651
1.854615	2.664744
1.843956	2.701623
1.833150	2.738286
1.822196	2.774730
1.811097	2.810952
1.799854	2.846949
1.788466	2.882718
1.776935	2.918257
1.765262	2.953562
1.753448	2.988631
1.741493	3.023461
1.729399	3.058049
1.717167	3.092392
1.704798	3.126488
1.692292	3.160334
1.679650	3.193927
1.666875	3.227264
1.653966	3.260344
1.640924	3.293162
1.627751	3.325717
1.614449	3.358006
1.601017	3.390026
1.587456	3.421776
1.573769	3.453251
1.559956	3.484450
1.546019	3.515370
1.531957	3.546010
1.517773	3.576365
1.503468	3.606434
1.489042	3.636215
1.474497	3.665705
1.459834	3.694902
1.445055	3.723803
1.430159	3.752406
1.415150	3.780709
1.400027	3.808710
1.384792	3.836405
1.369446	3.863794
1.353991	3.890874
1.338428	3.917643
1.322757	3.944098
1.306981	3.970238
1.291100	3.996060
1.275116	4.021562
1.259029	4.046742
1.242842	4.071599
1.226556	4.096130
1.210171	4.120334
1.193690	4.144208
1.177113	4.167750
1.160442	4.190959
1.143678	4.213832
1.126823	4.236369
1.109878	4.258566
1.092843	4.280423
1.075722	4.301938
1.058514	4.323108
1.041222	4.343932
1.023846	4.364409
1.006388	4.384537
0.988850	4.404314
0.971233	4.423739
0.953538	4.442809
0.935767	4.461525
0.917920	4.479883
0.900001	4.497883
0.882009	4.515523
0.863947	4.532802
0.845816	4.549719
0.827617	4.566271
0.809352	4.582458
0.791022	4.598279
0.772629	4.613731
0.754174	4.628815
0.735659	4.643528
0.717085	4.657869
0.698453	4.671839
0.679766	4.685434
0.661024	4.698654
0.642230	4.711499
0.623384	4.723967
0.604488	4.736056
0.585544	4.747767
0.566553	4.759098
0.547516	4.770049
0.528436	4.780617
0.509314	4.790804
0.490150	4.800607
0.470948	4.810026
0.451708	4.819060
0.432432	4.827708
0.413121	4.835971
0.393777	4.843846
0.374401	4.851334
0.354996	4.858434
0.335562	4.865145
0.316102	4.871468
0.296616	4.877400
0.277106	4.882942
0.257575	4.888093
0.238022	4.892854
0.218451	4.897223
0.198862	4.901200
0.179257	4.904785
0.159638	4.907978
0.140006	4.910778
0.120363	4.913185
0.100710	4.915200
0.081049	4.916821
0.061382	4.918048
0.041710	4.918882
0.022034	4.919323
0.002357	4.919370
-0.017320	4.919024
-0.036997	4.918284
-0.056670	4.917151
-0.076338	4.915624
-0.096001	4.913704
-0.115656	4.911391
-0.135301	4.908685
-0.154936	4.905586
-0.174558	4.902095
-0.194167	4.898211
-0.213759	4.893936
-0.233335	4.889270
-0.252892	4.884212
-0.272429	4.878763
-0.291944	4.872924
-0.311436	4.866696
-0.330903	4.860077
-0.350343	4.853071
-0.369755	4.845675
-0.389138	4.837893
-0.408490	4.829723
-0.427808	4.821167
-0.447093	4.812225
-0.466342	4.802898
-0.485554	4.793187
-0.504726	4.783092
-0.523859	4.772615
-0.542949	4.761756
-0.561996	4.750516
-0.580998	4.738896
-0.599954	4.726897
-0.618861	4.714520
-0.637719	4.701766
-0.656527	4.688635
-0.675281	4.675130
-0.693982	4.661250
-0.712627	4.646997
-0.731215	4.632373
-0.749744	4.617378
-0.768214	4.602014
-0.786622	4.586282
-0.804967	4.570182
-0.823248	4.553717
-0.841462	4.536888
-0.859610	4.519696
-0.877689	4.502142
-0.895697	4.484228
-0.913634	4.465955
-0.931498	4.447325
-0.949287	4.428340
-0.967001	4.409000
-0.984637	4.389307
-1.002194	4.369263
-1.019671	4.348870
-1.037066	4.328128
-1.054379	4.307041
-1.071607	4.285609
-1.088750	4.263834
-1.105805	4.241718
-1.122772	4.219262
-1.139649	4.196469
-1.156435	4.173340
-1.173128	4.149878
-1.189728	4.126083
-1.206232	4.101959
-1.222640	4.077506
-1.238950	4.052727
-1.255161	4.027624
-1.271271	4.002198
-1.287280	3.976453
-1.303186	3.950389
-1.318987	3.924009
-1.334683	3.897316
-1.350273	3.870310
-1.365754	3.842995
-1.381126	3.815372
-1.396387	3.787445
-1.411537	3.759214
-1.426574	3.730682
-1.441497	3.701853
-1.456304	3.672726
-1.470995	3.643307
-1.485568	3.613595
-1.500023	3.583595
-1.514357	3.553308
-1.528570	3.522736
-1.542661	3.491883
-1.556629	3.460750
-1.570472	3.429341
-1.584189	3.397657
-1.597780	3.365702
-1.611242	3.333477
-1.624576	3.300985
-1.637780	3.268230
-1.650853	3.235213
-1.663794	3.201937
-1.676602	3.168405
-1.689275	3.134619
-1.701814	3.100583
-1.714216	3.066299
-1.726481	3.031769
-1.738609	2.996997
-1.750597	2.961985
-1.762444	2.926736
-1.774151	2.891253
-1.785716	2.855539
-1.797139	2.819596
-1.808417	2.783427
-1.819551	2.747036
-1.830539	2.710426
-1.841381	2.673598
-1.852075	2.636557
-1.862621	2.599304
-1.873018	2.561844
-1.883266	2.524178
-1.893362	2.486311
-1.903308	2.448245
-1.913101	2.409983
-1.922741	2.371528
-1.932227	2.332884
-1.941558	2.294053
-1.950734	2.255038
-1.959755	2.215843
-1.968618	2.176470
-1.977324	2.136924
-1.985872	2.097206
-1.994260	2.057321
-2.002490	2.017271
-2.010559	1.977060
-2.018467	1.936691
-2.026214	1.896167
-2.033798	1.855491
-2.041220	1.814666
-2.048479	1.773697
-2.055574	1.732585
-2.062504	1.691335
-2.069270	1.649950
-2.075869	1.608432
-2.082303	1.566786
-2.088570	1.525015
-2.094670	1.483121
-2.100603	1.441109
-2.106367	1.398982
-2.111963	1.356743
-2.117390	1.314395
-2.122648	1.271942
-2.127735	1.229387
-2.132653	1.186734
-2.137400	1.143986
-2.141976	1.101147
-2.146380	1.058219
-2.150613	1.015207
-2.154674	0.972113
-2.158563	0.928942
-2.162278	0.885697
-2.165821	0.842380
-2.169191	0.798996
-2.172387	0.755549
-2.175409	0.712040
-2.178257	0.668475
-2.180931	0.624857
-2.183430	0.581188
-2.185755	0.537473
-2.187905	0.493715
-2.189880	0.449917
-2.191680	0.406084
-2.193304	0.362218
-2.194753	0.318323
-2.196026	0.274402
-2.197124	0.230460
-2.198045	0.186499
-2.198791	0.142523
-2.199362	0.098536
-2.199756	0.054541
-2.199974	0.010541
-2.200016	-0.033459
-2.199882	-0.077457
-2.199572	-0.121448
-2.199087	-0.165430
-2.198425	-0.209399
-2.197587	-0.253350
-2.196574	-0.297282
-2.195385	-0.341190
-2.194020	-0.385070
-2.192480	-0.428920
-2.190764	-0.472735
-2.188873	-0.516512
-2.186807	-0.560248
-2.184566	-0.603940
-2.182150	-0.647583
-2.179560	-0.691174
-2.176795	-0.734710
-2.173856	-0.778187
-2.170744	-0.821602
-2.167457	-0.864951
-2.163997	-0.908231
-2.160365	-0.951438
-2.156559	-0.994569
-2.152580	-1.037621
-2.148430	-1.080590
-2.144108	-1.123472
-2.139614	-1.166264
-2.134949	-1.208963
-2.130113	-1.251565
-2.125107	-1.294067
-2.119930	-1.336466
-2.114584	-1.378758
-2.109069	-1.420939
-2.103386	-1.463007
-2.097534	-1.504957
-2.091514	-1.546788
-2.085327	-1.588494
-2.078973	-1.630074
-2.072452	-1.671523
-2.065766	-1.712838
-2.058915	-1.754016
-2.051899	-1.795054
-2.044719	-1.835949
-2.037375	-1.876696
-2.029868	-1.917294
-2.022199	-1.957738
-2.014368	-1.998025
-2.006376	-2.038152
-1.998223	-2.078117
-1.989911	-2.117915
-1.981439	-2.157544
-1.972809	-2.197000
-1.964021	-2.236281
-1.955076	-2.275382
-1.945974	-2.314302
-1.936717	-2.353036
-1.927305	-2.391582
-1.917739	-2.429937
-1.908019	-2.468097
-1.898146	-2.506060
-1.888122	-2.543823
-1.877947	-2.581381
-1.867621	-2.618734
-1.857146	-2.655877
-1.846523	-2.692807
-1.835752	-2.729522
-1.824834	-2.766019
-1.813770	-2.802294
-1.802560	-2.838346
-1.791207	-2.874170
-1.779710	-2.909764
-1.768071	-2.945125
-1.756291	-2.980251
-1.744370	-3.015139
-1.732309	-3.049785
-1.720110	-3.084187
-1.707773	-3.118342
-1.695300	-3.152248
-1.682691	-3.185902
-1.669947	-3.219301
-1.657070	-3.252443
-1.644060	-3.285324
-1.630919	-3.317942
-1.617647	-3.350295
-1.604246	-3.382380
-1.590717	-3.414194
-1.577060	-3.445736
-1.563277	-3.477001
-1.549369	-3.507988
-1.535337	-3.538695
-1.521182	-3.569119
-1.506906	-3.599257
-1.492509	-3.629107
-1.477992	-3.658667
-1.463358	-3.687934
-1.448606	-3.716906
-1.433738	-3.745581
-1.418756	-3.773956
-1.403660	-3.802029
-1.388452	-3.829798
-1.373133	-3.857261
-1.357704	-3.884415
-1.342166	-3.911258
-1.326521	-3.937789
-1.310770	-3.964004
-1.294914	-3.989903
-1.278954	-4.015482
-1.262892	-4.040739
-1.246729	-4.065674
-1.230467	-4.090283
-1.214106	-4.114565
-1.197647	-4.138518
-1.181093	-4.162140
-1.164445	-4.185429
-1.147703	-4.208383
-1.130869	-4.231001
-1.113945	-4.253280
-1.096932	-4.275218
-1.079831	-4.296815
-1.062644	-4.318068
-1.045372	-4.338975
-1.028016	-4.359535
-1.010578	-4.379747
-0.993059	-4.399608
-0.975460	-4.419117
-0.957784	-4.438273
-0.940031	-4.457074
-0.922203	-4.475518
-0.904300	-4.493604
-0.886326	-4.511330
-0.868281	-4.528696
-0.850166	-4.545699
-0.831983	-4.562339
-0.813734	-4.578614
-0.795419	-4.594522
-0.777041	-4.610063
-0.758601	-4.625235
-0.740100	-4.640037
-0.721540	-4.654468
-0.702922	-4.668526
-0.684248	-4.682211
-0.665519	-4.695521
-0.646737	-4.708456
-0.627903	-4.721014
-0.609019	-4.733195
-0.590086	-4.744996
-0.571106	-4.756418
-0.552081	-4.767460
-0.533011	-4.778120
-0.513898	-4.788398
-0.494745	-4.798293
-0.475552	-4.807804
-0.456320	-4.816931
-0.437053	-4.825672
-0.417750	-4.834027
-0.398414	-4.841995
-0.379046	-4.849576
-0.359648	-4.856769
-0.340221	-4.863573
-0.320766	-4.869988
-0.301286	-4.876014
-0.281782	-4.881650
-0.262256	-4.886895
-0.242708	-4.891749
-0.223141	-4.896212
-0.203556	-4.900283
-0.183955	-4.903962
-0.164339	-4.907249
-0.144710	-4.910143
-0.125070	-4.912645
-0.105419	-4.914753
-0.085760	-4.916468
-0.066094	-4.917790
-0.046423	-4.918718
-0.026748	-4.919253
-0.007071	-4.919395
0.012606	-4.919143
0.032283	-4.918497
0.051957	-4.917458
0.071627	-4.916025
0.091291	-4.914200
0.110948	-4.911981
0.130596	-4.909369
0.150233	-4.906364
0.169859	-4.902967
0.189470	-4.899177
0.209067	-4.894996
0.228647	-4.890423
0.248209	-4.885459
0.267751	-4.880104
0.287271	-4.874359
0.306769	-4.868223
0.326241	-4.861698
0.345688	-4.854785
0.365107	-4.847482
0.384497	-4.839792
0.403856	-4.831715
0.423183	-4.823252
0.442476	-4.814402
0.461734	-4.805167
0.480955	-4.795548
0.500137	-4.785546
0.519279	-4.775160
0.538380	-4.764392
0.557437	-4.753244
0.576450	-4.741715
0.595417	-4.729806
0.614336	-4.717520
0.633206	-4.704856
0.652026	-4.691815
0.670793	-4.678399
0.689507	-4.664609
0.708165	-4.650446
0.726767	-4.635910
0.745310	-4.621004
0.763794	-4.605728
0.782217	-4.590084
0.800578	-4.574072
0.818874	-4.557695
0.837105	-4.540953
0.855269	-4.523847
0.873364	-4.506380
0.891390	-4.488552
0.909344	-4.470366
0.927225	-4.451821
0.945032	-4.432920
0.962764	-4.413665
0.980419	-4.394057
0.997995	-4.374097
1.015491	-4.353787
1.032907	-4.333129
1.050239	-4.312124
1.067488	-4.290774
1.084651	-4.269081
1.101727	-4.247047
1.118715	-4.224672
1.135614	-4.201960
1.152422	-4.178912
1.169137	-4.155529
1.185760	-4.131814
1.202287	-4.107768
1.218718	-4.083394
1.235051	-4.058693
1.251286	-4.033667
1.267421	-4.008319
1.283454	-3.982649
1.299385	-3.956662
1.315211	-3.930358
1.330933	-3.903739
